﻿datum,pocet_den,pocet_celkem
2020-01-27,0,0
2020-01-28,0,0
2020-01-29,0,0
2020-01-30,0,0
2020-01-31,0,0
2020-02-01,0,0
2020-02-02,0,0
2020-02-03,0,0
2020-02-04,0,0
2020-02-05,0,0
2020-02-06,0,0
2020-02-07,0,0
2020-02-08,0,0
2020-02-09,0,0
2020-02-10,0,0
2020-02-11,0,0
2020-02-12,0,0
2020-02-13,0,0
2020-02-14,0,0
2020-02-15,0,0
2020-02-16,0,0
2020-02-17,0,0
2020-02-18,0,0
2020-02-19,0,0
2020-02-20,0,0
2020-02-21,0,0
2020-02-22,0,0
2020-02-23,0,0
2020-02-24,0,0
2020-02-25,0,0
2020-02-26,0,0
2020-02-27,0,0
2020-02-28,0,0
2020-02-29,0,0
2020-03-01,3,3
2020-03-02,0,3
2020-03-03,2,5
2020-03-04,1,6
2020-03-05,3,9
2020-03-06,11,20
2020-03-07,7,27
2020-03-08,6,33
2020-03-09,6,39
2020-03-10,25,64
2020-03-11,31,95
2020-03-12,22,117
2020-03-13,25,142
2020-03-14,48,190
2020-03-15,109,299
2020-03-16,85,384
2020-03-17,67,451
2020-03-18,110,561
2020-03-19,206,767
2020-03-20,124,891
2020-03-21,159,1050
2020-03-22,115,1165
2020-03-23,126,1291
2020-03-24,185,1476
2020-03-25,292,1768
2020-03-26,259,2027
2020-03-27,377,2404
2020-03-28,263,2667
2020-03-29,159,2826
2020-03-30,184,3010
2020-03-31,304,3314
2020-04-01,283,3597
2020-04-02,268,3865
2020-04-03,333,4198
2020-04-04,283,4481
2020-04-05,117,4598
2020-04-06,236,4834
2020-04-07,196,5030
2020-04-08,294,5324
2020-04-09,257,5581
2020-04-10,163,5744
2020-04-11,170,5914
2020-04-12,89,6003
2020-04-13,68,6071
2020-04-14,82,6153
2020-04-15,160,6313
2020-04-16,132,6445
2020-04-17,116,6561
2020-04-18,105,6666
2020-04-19,92,6758
2020-04-20,154,6912
2020-04-21,133,7045
2020-04-22,99,7144
2020-04-23,55,7199
2020-04-24,86,7285
2020-04-25,79,7364
2020-04-26,52,7416
2020-04-27,41,7457
2020-04-28,60,7517
2020-04-29,75,7592
2020-04-30,104,7696
2020-05-01,55,7751
2020-05-02,18,7769
2020-05-03,26,7795
2020-05-04,38,7833
2020-05-05,77,7910
2020-05-06,79,7989
2020-05-07,58,8047
2020-05-08,46,8093
2020-05-09,18,8111
2020-05-10,28,8139
2020-05-11,56,8195
2020-05-12,45,8240
2020-05-13,50,8290
2020-05-14,82,8372
2020-05-15,55,8427
2020-05-16,51,8478
2020-05-17,20,8498
2020-05-18,113,8611
2020-05-19,62,8673
2020-05-20,74,8747
2020-05-21,35,8782
2020-05-22,59,8841
2020-05-23,77,8918
2020-05-24,65,8983
2020-05-25,47,9030
2020-05-26,51,9081
2020-05-27,37,9118
2020-05-28,54,9172
2020-05-29,57,9229
2020-05-30,34,9263
2020-05-31,38,9301
2020-06-01,34,9335
2020-06-02,63,9398
2020-06-03,74,9472
2020-06-04,61,9533
2020-06-05,35,9568
2020-06-06,38,9606
2020-06-07,61,9667
2020-06-08,69,9736
2020-06-09,55,9791
2020-06-10,73,9864
2020-06-11,64,9928
2020-06-12,52,9980
2020-06-13,53,10033
2020-06-14,33,10066
2020-06-15,40,10106
2020-06-16,47,10153
2020-06-17,51,10204
2020-06-18,118,10322
2020-06-19,126,10448
2020-06-20,42,10490
2020-06-21,50,10540
2020-06-22,64,10604
2020-06-23,89,10693
2020-06-24,127,10820
2020-06-25,93,10913
2020-06-26,168,11081
2020-06-27,260,11341
2020-06-28,305,11646
2020-06-29,201,11847
2020-06-30,149,11996
2020-07-01,91,12087
2020-07-02,132,12219
2020-07-03,140,12359
2020-07-04,121,12480
2020-07-05,75,12555
2020-07-06,51,12606
2020-07-07,118,12724
2020-07-08,129,12853
2020-07-09,105,12958
2020-07-10,141,13099
2020-07-11,53,13152
2020-07-12,59,13211
2020-07-13,64,13275
2020-07-14,104,13379
2020-07-15,134,13513
2020-07-16,137,13650
2020-07-17,128,13778
2020-07-18,112,13890
2020-07-19,91,13981
2020-07-20,168,14149
2020-07-21,207,14356
2020-07-22,245,14601
2020-07-23,231,14832
2020-07-24,278,15110
2020-07-25,132,15242
2020-07-26,114,15356
2020-07-27,194,15550
2020-07-28,276,15826
2020-07-29,274,16100
2020-07-30,254,16354
2020-07-31,231,16585
2020-08-01,124,16709
2020-08-02,101,16810
2020-08-03,208,17018
2020-08-04,287,17305
2020-08-05,241,17546
2020-08-06,214,17760
2020-08-07,322,18082
2020-08-08,173,18255
2020-08-09,122,18377
2020-08-10,141,18518
2020-08-11,288,18806
2020-08-12,289,19095
2020-08-13,330,19425
2020-08-14,291,19716
2020-08-15,197,19913
2020-08-16,121,20034
2020-08-17,191,20225
2020-08-18,281,20506
2020-08-19,313,20819
2020-08-20,246,21065
2020-08-21,504,21569
2020-08-22,234,21803
2020-08-23,136,21939
2020-08-24,259,22198
2020-08-25,364,22562
2020-08-26,396,22958
2020-08-27,350,23308
2020-08-28,485,23793
2020-08-29,320,24113
2020-08-30,274,24387
2020-08-31,256,24643
2020-09-01,498,25141
2020-09-02,645,25786
2020-09-03,675,26461
2020-09-04,797,27258
2020-09-05,504,27762
2020-09-06,410,28172
2020-09-07,561,28733
2020-09-08,1161,29894
2020-09-09,1158,31052
2020-09-10,1382,32434
2020-09-11,1443,33877
2020-09-12,1537,35414
2020-09-13,791,36205
2020-09-14,1028,37233
2020-09-15,1676,38909
2020-09-16,2133,41042
2020-09-17,3124,44166
2020-09-18,2108,46274
2020-09-19,2045,48319
2020-09-20,984,49303
2020-09-21,1476,50779
2020-09-22,2387,53166
2020-09-23,2306,55472
2020-09-24,2906,58378
2020-09-25,2945,61323
2020-09-26,1981,63304
2020-09-27,1304,64608
2020-09-28,1284,65892
2020-09-29,1963,67855
2020-09-30,2926,70781
2020-10-01,3502,74283
2020-10-02,3795,78078
2020-10-03,2554,80632
2020-10-04,1841,82473
2020-10-05,3118,85591
2020-10-06,4458,90049
2020-10-07,5336,95385
2020-10-08,5394,100779
2020-10-09,8618,109397
2020-10-10,4636,114033
2020-10-11,3104,117137
2020-10-12,4308,121445
2020-10-13,8324,129769
2020-10-14,9545,139314
2020-10-15,9724,149038
2020-10-16,11104,160142
2020-10-17,8713,168855
2020-10-18,5059,173914
2020-10-19,8077,181991
2020-10-20,11985,193976
2020-10-21,14971,208947
2020-10-22,14155,223102
2020-10-23,15248,238350
2020-10-24,12473,250823
2020-10-25,7300,258123
2020-10-26,10271,268394
2020-10-27,15665,284059
2020-10-28,12977,297036
2020-10-29,13051,310087
2020-10-30,13603,323690
2020-10-31,11427,335117
2020-11-01,6551,341668
2020-11-02,9239,350907
2020-11-03,12090,362997
2020-11-04,15725,378722
2020-11-05,13235,391957
2020-11-06,11546,403503
2020-11-07,7721,411224
2020-11-08,3609,414833
2020-11-09,6048,420881
2020-11-10,9056,429937
2020-11-11,8921,438858
2020-11-12,7874,446732
2020-11-13,7358,454090
2020-11-14,4196,458286
2020-11-15,1891,460177
2020-11-16,5415,465592
2020-11-17,4246,469838
2020-11-18,5514,475352
2020-11-19,6470,481822
2020-11-20,5808,487630
2020-11-21,3191,490821
2020-11-22,1509,492330
2020-11-23,4379,496709
2020-11-24,5861,502570
2020-11-25,4929,507499
2020-11-26,4049,511548
2020-11-27,4462,516010
2020-11-28,2667,518677
2020-11-29,1074,519751
2020-11-30,3572,523323
2020-12-01,5180,528503
2020-12-02,4561,533064
2020-12-03,4624,537688
2020-12-04,4747,542435
2020-12-05,3312,545747
2020-12-06,1112,546859
2020-12-07,4251,551110
2020-12-08,5855,556965
2020-12-09,6414,563379
2020-12-10,5872,569251
2020-12-11,6209,575460
2020-12-12,3655,579115
2020-12-13,1998,581113
2020-12-14,5176,586289
2020-12-15,7908,594197
2020-12-16,8258,602455
2020-12-17,7614,610069
2020-12-18,8838,618907
2020-12-19,5326,624233
2020-12-20,3403,627636
2020-12-21,7950,635586
2020-12-22,10914,646500
2020-12-23,14139,660639
2020-12-24,4373,665012
2020-12-25,2671,667683
2020-12-26,3031,670714
2020-12-27,3783,674497
2020-12-28,10937,685434
2020-12-29,16476,701910
2020-12-30,17061,718971
2020-12-31,13307,732278
2021-01-01,3446,735724
2021-01-02,4984,740708
2021-01-03,6268,746976
2021-01-04,12956,759932
2021-01-05,17401,777333
2021-01-06,17771,795104
2021-01-07,14882,809986
2021-01-08,13099,823085
2021-01-09,8438,831523
2021-01-10,4313,835836
2021-01-11,9386,845222
2021-01-12,10811,856033
2021-01-13,10920,866953
2021-01-14,8087,875040
2021-01-15,9301,884341
2021-01-16,5242,889583
2021-01-17,2641,892224
2021-01-18,7668,899892
2021-01-19,9610,909502
2021-01-20,8215,917717
2021-01-21,7534,925251
2021-01-22,8468,933719
2021-01-23,4239,937958
2021-01-24,2394,940352
2021-01-25,6974,947326
2021-01-26,9195,956521
2021-01-27,8504,965025
2021-01-28,8010,973035
2021-01-29,8053,981088
2021-01-30,4055,985143
2021-01-31,2573,987716
2021-02-01,7217,994933
2021-02-02,9148,1004081
2021-02-03,9667,1013748
2021-02-04,8107,1021855
2021-02-05,8622,1030477
2021-02-06,4820,1035297
2021-02-07,2451,1037748
2021-02-08,7777,1045525
2021-02-09,10283,1055808
2021-02-10,9538,1065346
2021-02-11,9018,1074364
2021-02-12,8830,1083194
2021-02-13,5141,1088335
2021-02-14,2880,1091215
2021-02-15,8905,1100120
2021-02-16,12608,1112728
2021-02-17,10939,1123667
2021-02-18,11704,1135371
2021-02-19,11288,1146659
2021-02-20,6775,1153434
2021-02-21,4068,1157502
2021-02-22,11410,1168912
2021-02-23,15840,1184752
2021-02-24,13796,1198548
2021-02-25,14588,1213136
2021-02-26,14775,1227911
2021-02-27,7824,1235735
2021-02-28,4587,1240322
2021-03-01,12325,1252647
2021-03-02,16777,1269424
2021-03-03,15237,1284661
2021-03-04,14648,1299309
2021-03-05,13169,1312478
2021-03-06,9130,1321608
2021-03-07,3982,1325590
2021-03-08,10653,1336243
2021-03-09,15358,1351601
2021-03-10,14535,1366136
2021-03-11,11245,1377381
2021-03-12,14960,1392341
2021-03-13,6956,1399297
2021-03-14,3332,1402629
2021-03-15,10629,1413258
2021-03-16,14028,1427286
2021-03-17,12027,1439313
2021-03-18,10660,1449973
2021-03-19,9710,1459683
2021-03-20,5466,1465149
2021-03-21,2390,1467539
2021-03-22,8240,1475779
2021-03-23,10968,1486747
2021-03-24,8847,1495594
2021-03-25,7925,1503519
2021-03-26,7710,1511229
2021-03-27,3969,1515198
2021-03-28,1744,1516942
2021-03-29,6935,1523877
2021-03-30,8630,1532507
2021-03-31,7262,1539769
2021-04-01,6244,1546013
2021-04-02,3837,1549850
2021-04-03,2160,1552010
2021-04-04,1925,1553935
2021-04-05,1419,1555354
2021-04-06,5580,1560934
2021-04-07,7051,1567985
2021-04-08,5282,1573267
2021-04-09,4819,1578086
2021-04-10,2204,1580290
2021-04-11,986,1581276
2021-04-12,3868,1585144
2021-04-13,5056,1590200
2021-04-14,3715,1593915
2021-04-15,3264,1597179
2021-04-16,3215,1600394
2021-04-17,1541,1601935
2021-04-18,833,1602768
2021-04-19,3338,1606106
2021-04-20,3815,1609921
2021-04-21,2951,1612872
2021-04-22,2627,1615499
2021-04-23,2600,1618099
2021-04-24,1306,1619405
2021-04-25,824,1620229
2021-04-26,2575,1622804
2021-04-27,3229,1626033
