ugenr;Region Hovedstaden;Region Midtjylland;Region Nordjylland;Region Sj√¶lland;Region Syddanmark;Statens Serum Institut;Testcenter Danmark;Total;Kumulativ_total
2020-07;0;0;0;0;0;1;0;1;1
2020-08;0;0;0;0;0;10;0;10;11
2020-09;34;118;0;0;0;332;0;484;495
2020-10;284;321;85;95;72;143;0;1000;1495
2020-11;1678;1508;369;706;812;2;0;5075;6570
2020-12;2719;1875;445;993;1576;25;0;7633;14203
2020-13;4443;1462;731;1447;1861;535;0;10479;24682
2020-14;12814;4801;2486;3359;5196;588;0;29244;53926
2020-15;12471;5038;2619;2787;4815;335;46;28111;82037
2020-16;12289;5299;2368;3018;5116;669;5;28764;110801
2020-17;25046;13737;8643;11311;13619;470;6143;78969;189770
2020-18;30158;18762;8029;13018;16544;240;15280;102031;291801
2020-19;29655;13732;5462;11905;11851;296;15414;88315;380116
2020-20;30875;15260;5847;10317;13964;10;11464;87737;467853
2020-21;23992;11487;4675;8006;10905;98;25238;84401;552254
2020-22;22510;10423;4196;7205;9661;93;27871;81959;634213
2020-23;20295;9294;3815;7006;9290;19;18161;67880;702093
2020-24;26171;12765;5411;8886;12686;10;47122;113051;815144
2020-25;28657;13486;8126;9379;14343;7;39918;113916;929060
2020-26;27253;13169;6864;9553;13680;12;45392;115923;1044983
2020-27;23126;11365;5980;7156;11613;5;45904;105149;1150132
2020-28;21393;10427;5753;6695;10792;5;44565;99630;1249762
2020-29;20604;9700;5222;7068;11013;3;50505;104115;1353877
2020-30;20079;9394;4781;6230;10362;3;58726;109575;1463452
2020-31;21649;11353;5580;7356;12033;1;76812;134784;1598236
2020-32;25850;16392;7092;8963;15223;0;99543;173063;1771299
2020-33;30898;20381;9254;11337;18405;0;129326;219601;1990900
2020-34;35155;24223;12621;14617;27251;3;132465;246335;2237235
2020-35;41339;25711;13123;15979;30769;0;119883;246804;2484039
2020-36;43553;25342;12981;15867;32319;6;129072;259140;2743179
2020-37;53937;25337;13674;17016;35055;0;191367;336386;3079565
2020-38;50855;25397;14904;15616;30627;0;221145;358544;3438109
2020-39;50231;28643;13665;15243;30868;0;217559;356209;3794318
2020-40;40483;23738;10617;12675;24455;0;200862;312830;4107148
2020-41;34924;20145;8720;10836;21826;8;205826;302285;4409433
2020-42;27597;14426;6811;7787;15693;1;171741;244056;4653489
2020-43;32458;16281;8100;9161;18040;0;260148;344188;4997677
2020-44;37464;14752;9439;11004;17079;0;364640;454378;5452055
2020-45;45931;18277;9521;15783;20889;4;371013;481418;5933473
2020-46;42628;19041;8744;15652;23233;0;402068;511366;6444839
2020-47;53947;20106;7739;13487;26915;5;394951;517150;6961989
2020-48;68246;19602;7337;13603;31642;0;372831;513261;7475250
2020-49;76612;19759;7244;14019;31622;3;409136;558395;8033645
2020-50;100142;27184;8904;21218;36869;5;514308;708630;8742275
2020-51;107920;47825;14626;23544;41263;0;671445;906623;9648898
2020-52;57757;43184;11784;15883;30868;3;507261;666740;10315638
2020-53;40010;44098;7198;11448;24662;0;425081;552497;10868135
2021-01;45945;45856;9323;11527;24290;3;442456;579400;11447535
2021-02;45310;20828;8067;11866;25268;0;503902;615241;12062776
2021-03;63583;23241;9450;12557;31229;16;658922;798998;12861774
2021-04;72248;20305;9415;12351;29259;12;674136;817726;13679500
2021-05;63823;21289;9602;12686;27981;30;696898;832309;14511809
2021-06;59136;21197;9873;12024;28164;16;713888;844298;15356107
2021-07;53513;19721;9599;11901;26856;9;753131;874730;16230837
2021-08;61491;23929;9297;12941;31522;14;868486;1007680;17238517
2021-09;64979;23427;10398;14132;30981;9;941787;1085713;18324230
2021-10;65155;23175;10435;14513;31739;1;968341;1113359;19437589
2021-11;68928;23670;10831;15238;34186;32;1027189;1180074;20617663
22. marts;11537;4202;1828;2877;6609;0;161233;188286;20805949
23. marts;11370;4477;1856;2727;5924;0;153324;179678;20985627
24. marts*;9590;2289;1168;1098;3730;0;33641;51516;21037143
25. marts*;11;6;0;3;5;0;0;25;21037168
Total;2212751;1022232;432727;602675;1125120;4092;15637571;21037168;21037168
